Error for Cholesky preconditioned Eigen method
1
0.0304303
0.00368118
0.00149871
0.000891743
0.000703089
0.00051262
0.000426086
0.000359324
0.000337418
0.000271461
0.000219031
0.000192781
0.000184085
0.000159483
0.00014279
0.000128202
0.000133741
0.00012283
9.22282e-05
9.53739e-05
9.17744e-05
9.25156e-05
8.42692e-05
9.0294e-05
7.47616e-05
8.00477e-05
6.54462e-05
6.73793e-05
4.90731e-05
4.82894e-05
4.57506e-05
4.51748e-05
4.36823e-05
4.5318e-05
4.66888e-05
4.73785e-05
4.84545e-05
4.6513e-05
4.98732e-05
4.05326e-05
4.08625e-05
4.28089e-05
3.29857e-05
3.18711e-05
3.14033e-05
3.30501e-05
3.58781e-05
3.85059e-05
4.30484e-05
3.42551e-05
3.6883e-05
3.1142e-05
2.80569e-05
2.64647e-05
2.73412e-05
2.73526e-05
2.25499e-05
2.32395e-05
2.18233e-05
2.27773e-05
2.1033e-05
2.18216e-05
2.0997e-05
2.19845e-05
2.06815e-05
1.64154e-05
1.60511e-05
1.38372e-05
1.17424e-05
1.34251e-05
1.09277e-05
1.12852e-05
1.04706e-05
7.32523e-06
7.35994e-06
7.53792e-06
6.56815e-06
6.42249e-06
5.49724e-06
4.20777e-06
5.72075e-06
4.52894e-06
3.91642e-06
3.73586e-06
3.93089e-06
4.06782e-06
4.33907e-06
5.01174e-06
5.9767e-06
6.7473e-06
5.79246e-06
5.84435e-06
6.18996e-06
7.10809e-06
7.51531e-06
8.42094e-06
9.77582e-06
1.19723e-05
1.57671e-05
1.43164e-05
1.85442e-05
2.13095e-05
1.80957e-05
2.41756e-05
2.46694e-05
2.14711e-05
2.08981e-05
2.67238e-05
2.00842e-05
2.26287e-05
2.16489e-05
1.67856e-05
1.48944e-05
1.20924e-05
1.36271e-05
1.83598e-05
1.46152e-05
1.67113e-05
1.17047e-05
9.36507e-06
1.15269e-05
8.09949e-06
7.37022e-06
9.1161e-06
7.28942e-06
8.04172e-06
7.29706e-06
6.07239e-06
4.46276e-06
4.53733e-06
4.71734e-06
5.37383e-06
5.4282e-06
6.24249e-06
5.87774e-06
6.91777e-06
5.18102e-06
4.87498e-06
4.78024e-06
4.78359e-06
5.22258e-06
4.16516e-06
3.72916e-06
3.18479e-06
2.44772e-06
3.34432e-06
3.12761e-06
2.37336e-06
2.55439e-06
2.48712e-06
2.14441e-06
2.35414e-06
1.72203e-06
2.1289e-06
2.11447e-06
1.82011e-06
1.88381e-06
1.99436e-06
2.12912e-06
1.57692e-06
2.25105e-06
3.00668e-06
2.76534e-06
2.3834e-06
3.16482e-06
2.61393e-06
3.22483e-06
2.5419e-06
2.81841e-06
3.4143e-06
2.76479e-06
4.13745e-06
2.66536e-06
3.49976e-06
3.4789e-06
3.43346e-06
2.99938e-06
3.07034e-06
2.88572e-06
2.81421e-06
2.46223e-06
3.10848e-06
2.23288e-06
2.23581e-06
1.72388e-06
2.01602e-06
1.44037e-06
1.33704e-06
1.33387e-06
1.06855e-06
1.0628e-06
9.8036e-07
9.24558e-07
7.87048e-07
5.93962e-07
5.54606e-07
6.20969e-07
4.57134e-07
4.65914e-07
5.02877e-07
3.8463e-07
3.28753e-07
2.90895e-07
2.70766e-07
2.45332e-07
1.97362e-07
1.81156e-07
1.88106e-07
1.73026e-07
1.79314e-07
1.39776e-07
1.47068e-07
1.20515e-07
9.00487e-08
7.13986e-08
6.34573e-08
6.83739e-08
5.00018e-08
4.27306e-08
4.25615e-08
4.01216e-08
3.56805e-08
2.48067e-08
3.05844e-08
2.71951e-08
2.56365e-08
2.10645e-08
1.72882e-08
1.75246e-08
1.43377e-08
1.47604e-08
1.35792e-08
1.09673e-08
1.13207e-08
1.55479e-08
1.35172e-08
1.37876e-08
1.35332e-08
1.60498e-08
1.4148e-08
1.77495e-08
1.61801e-08
1.86936e-08
2.48035e-08
2.03457e-08
2.85808e-08
2.63865e-08
2.68034e-08
4.08729e-08
4.6272e-08
4.72818e-08
8.09039e-08
5.63548e-08
9.98118e-08
8.593e-08
9.29949e-08
1.29277e-07
1.22177e-07
1.54699e-07
2.03631e-07
2.08981e-07
2.66841e-07
3.09746e-07
3.33526e-07
3.59973e-07
3.91006e-07
3.50975e-07
2.88752e-07
3.84668e-07
3.32845e-07
3.72875e-07
3.43853e-07
3.14172e-07
2.68199e-07
2.85403e-07
2.73618e-07
2.2617e-07
1.87477e-07
1.78876e-07
2.02363e-07
1.34782e-07
1.40316e-07
1.26129e-07
1.20547e-07
9.07972e-08
1.17083e-07
9.60051e-08
6.58946e-08
5.52928e-08
4.45506e-08
3.30426e-08
3.03531e-08
3.39941e-08
2.25439e-08
1.62953e-08
1.15658e-08
1.3995e-08
8.05829e-09
9.08665e-09
6.17793e-09
7.34957e-09
7.56422e-09
6.43157e-09
5.4474e-09
5.41032e-09
4.10639e-09
3.7279e-09
3.22221e-09
3.24139e-09
2.70986e-09
2.07688e-09
2.16226e-09
1.50156e-09
1.31881e-09
1.24295e-09
1.12018e-09
8.18393e-10
5.25813e-10
5.08983e-10
5.29605e-10
4.3608e-10
3.41745e-10
3.16759e-10
2.8626e-10
2.32768e-10
2.26854e-10
2.3441e-10
2.27456e-10
1.63907e-10
1.78063e-10
1.77722e-10
1.32054e-10
1.36515e-10
1.31043e-10
1.24802e-10
8.1082e-11
6.62895e-11
6.55352e-11
5.19093e-11
5.03848e-11
4.27434e-11
3.38226e-11
3.53065e-11
3.38129e-11
2.46114e-11
2.21771e-11
1.72442e-11
1.49491e-11
1.21095e-11
1.05784e-11
1.06018e-11
6.38661e-12
6.09689e-12
4.75805e-12
3.5909e-12
2.86469e-12
3.14909e-12
1.87828e-12
1.72562e-12
1.28953e-12
1.21519e-12
9.53185e-13
1.05893e-12
8.05345e-13
1.01852e-12
8.27953e-13
6.48391e-13
6.43228e-13
4.78035e-13
5.07632e-13
4.73565e-13
3.47714e-13
2.39927e-13
2.43405e-13
2.04326e-13
1.79891e-13
1.66463e-13
1.38263e-13
1.74543e-13
1.29426e-13
1.26752e-13
9.70379e-14
8.67369e-14
6.47194e-14
6.90287e-14
6.31771e-14
4.82934e-14
4.426e-14
4.20783e-14
3.04873e-14
2.74282e-14
1.88323e-14
1.67531e-14
1.25998e-14
9.6452e-15
1.04418e-14
6.90932e-15
6.41306e-15
6.18942e-15
5.57737e-15
5.06231e-15
4.8432e-15
5.45327e-15
4.59361e-15
4.86099e-15
4.66494e-15
3.64326e-15
2.92305e-15
2.82399e-15
2.26659e-15
1.96062e-15
2.19174e-15
1.91262e-15
2.15284e-15
2.41612e-15
2.32155e-15
2.37204e-15
2.4741e-15
2.66857e-15
2.44669e-15
3.37556e-15
2.90645e-15
2.70227e-15
3.33786e-15
2.8204e-15
2.98712e-15
3.22736e-15
2.75221e-15
2.9599e-15
2.55114e-15
1.72469e-15
2.10486e-15
1.72338e-15
9.90493e-16
9.90493e-16
9.90493e-16
9.90493e-16
9.90493e-16
9.90493e-16
9.90493e-16
9.90493e-16
9.90493e-16
9.90493e-16
9.90493e-16
9.90493e-16
9.90493e-16
9.90493e-16
9.90493e-16
9.90493e-16
9.90493e-16
9.90493e-16
9.90493e-16
9.90493e-16
9.90493e-16
9.90493e-16
9.90493e-16
9.90493e-16
9.90493e-16
9.90493e-16
9.90493e-16
9.90493e-16
9.90493e-16
9.90493e-16
9.90493e-16
9.90493e-16
9.90493e-16
9.90493e-16
9.90493e-16
9.90493e-16
9.90493e-16
9.90493e-16
9.90493e-16
9.90493e-16
9.90493e-16
9.90493e-16
9.90493e-16
9.90493e-16
9.90493e-16
9.90493e-16
9.90493e-16
9.90493e-16
9.90493e-16
9.90493e-16
9.90493e-16
9.90493e-16
9.90493e-16
9.90493e-16
9.90493e-16
9.90493e-16
9.90493e-16
9.90493e-16
9.90493e-16
9.90493e-16
9.90493e-16
9.90493e-16
9.90493e-16
9.90493e-16
9.90493e-16
9.90493e-16
