Error for diagonally preconditioned Eigen method
1
0.0584601
0.0329006
0.0368312
0.0203227
0.00915208
0.00331393
0.00214052
0.00202107
0.00151368
0.00165804
0.00145258
0.00117266
0.000975858
0.000718229
0.000752168
0.000803112
0.000709375
0.000608329
0.000510682
0.000471691
0.000563837
0.000512346
0.000483193
0.000387679
0.000407322
0.000396798
0.000394569
0.000302366
0.000337168
0.000297051
0.000333507
0.000319594
0.000291701
0.000252246
0.000227439
0.000230555
0.000257242
0.000227175
0.000217248
0.000206167
0.00019468
0.000183873
0.000210404
0.000189903
0.000197304
0.000186029
0.000166295
0.000160084
0.000168009
0.000153735
0.000169702
0.000151457
0.000135749
0.000159422
0.000136358
0.00013086
0.000132394
0.00012839
0.000130394
0.000142745
0.000106719
0.000106637
0.000105528
0.000103952
0.000103422
9.71954e-05
9.39825e-05
0.000100169
9.54179e-05
0.000106234
0.000103549
9.37503e-05
0.000107772
0.000122575
0.000110905
9.9925e-05
0.000103598
9.89148e-05
9.84688e-05
9.76744e-05
8.68467e-05
8.7892e-05
7.04303e-05
7.36886e-05
6.58827e-05
6.73756e-05
6.81381e-05
6.22107e-05
6.30862e-05
5.67199e-05
6.09874e-05
6.35926e-05
5.71323e-05
4.94391e-05
5.01324e-05
5.07952e-05
5.07145e-05
5.41723e-05
4.82139e-05
5.17056e-05
5.39003e-05
5.58347e-05
5.58042e-05
5.14043e-05
5.03464e-05
5.62849e-05
4.74378e-05
5.54238e-05
5.18795e-05
5.30303e-05
5.81709e-05
5.35477e-05
4.43593e-05
5.18464e-05
5.06917e-05
6.04293e-05
5.14832e-05
6.43227e-05
6.08416e-05
5.6898e-05
5.588e-05
5.42162e-05
5.1309e-05
4.15482e-05
4.8152e-05
5.20521e-05
4.74657e-05
4.84643e-05
4.88458e-05
4.89151e-05
5.33197e-05
5.83248e-05
6.44172e-05
5.16769e-05
5.29134e-05
5.22075e-05
4.20808e-05
4.34265e-05
4.26147e-05
3.81925e-05
4.1747e-05
3.82343e-05
3.51143e-05
3.83827e-05
4.16746e-05
4.08519e-05
3.83263e-05
3.30974e-05
3.28204e-05
3.31409e-05
3.32923e-05
3.08033e-05
3.03997e-05
3.46785e-05
3.09324e-05
2.90737e-05
3.22829e-05
3.69981e-05
3.05972e-05
3.00385e-05
3.47711e-05
3.85028e-05
3.98739e-05
3.78422e-05
3.22263e-05
3.62938e-05
3.76161e-05
5.24797e-05
4.63092e-05
3.78918e-05
3.52288e-05
4.52218e-05
4.33245e-05
5.15243e-05
5.48194e-05
4.47026e-05
3.60266e-05
3.3293e-05
3.8504e-05
4.67832e-05
3.5382e-05
3.50916e-05
2.90293e-05
3.07921e-05
2.20537e-05
2.7821e-05
2.19362e-05
2.51545e-05
3.12885e-05
2.65022e-05
2.63059e-05
2.77485e-05
1.84662e-05
2.20626e-05
2.07616e-05
2.20688e-05
2.31271e-05
2.10306e-05
2.63872e-05
1.75101e-05
1.88083e-05
1.90484e-05
1.80053e-05
2.1576e-05
1.50611e-05
1.60169e-05
1.5687e-05
1.78405e-05
1.10691e-05
1.09275e-05
1.59435e-05
1.69725e-05
9.09811e-06
1.08548e-05
1.19732e-05
1.12478e-05
1.38927e-05
1.15315e-05
1.35364e-05
1.80177e-05
1.43257e-05
1.13578e-05
1.41609e-05
1.43206e-05
1.57554e-05
1.64713e-05
1.26396e-05
1.17184e-05
1.09141e-05
1.55672e-05
1.30939e-05
8.8833e-06
9.78438e-06
1.13078e-05
9.51583e-06
8.03581e-06
6.1795e-06
7.10331e-06
9.0277e-06
6.21259e-06
5.08669e-06
5.71898e-06
6.03133e-06
4.22125e-06
3.66698e-06
4.67978e-06
3.67223e-06
2.88018e-06
3.29879e-06
3.1661e-06
3.22643e-06
2.99248e-06
2.763e-06
4.1127e-06
4.51545e-06
4.12719e-06
5.13752e-06
4.62765e-06
4.67767e-06
4.94846e-06
4.50321e-06
4.58576e-06
5.03299e-06
4.78468e-06
5.19674e-06
5.73779e-06
5.57555e-06
5.86747e-06
6.48641e-06
7.16498e-06
7.69469e-06
7.14633e-06
6.4157e-06
7.97252e-06
9.93686e-06
9.96996e-06
9.984e-06
1.13274e-05
1.04932e-05
1.28537e-05
1.11192e-05
1.51254e-05
1.51711e-05
1.31651e-05
1.40323e-05
1.57376e-05
1.80144e-05
1.73111e-05
1.99891e-05
1.9119e-05
1.83498e-05
2.19886e-05
1.86407e-05
2.30869e-05
2.13934e-05
2.09948e-05
2.14559e-05
2.43405e-05
1.96356e-05
2.45974e-05
2.6247e-05
2.89661e-05
2.82525e-05
2.81508e-05
2.65321e-05
2.76558e-05
2.89925e-05
2.98072e-05
2.6654e-05
2.90671e-05
2.65411e-05
3.02149e-05
2.70026e-05
3.0313e-05
2.52434e-05
2.66798e-05
2.84002e-05
2.67703e-05
2.33276e-05
2.64442e-05
3.28252e-05
2.89211e-05
3.24009e-05
2.37715e-05
2.87996e-05
2.65943e-05
2.93084e-05
2.95021e-05
2.23163e-05
2.33702e-05
2.43361e-05
2.15854e-05
1.8639e-05
1.80307e-05
1.48095e-05
1.6176e-05
1.53314e-05
1.52217e-05
1.33642e-05
1.22364e-05
9.89193e-06
1.12106e-05
1.07514e-05
7.84707e-06
7.65407e-06
6.45337e-06
5.43263e-06
5.17289e-06
5.99081e-06
5.29442e-06
4.6865e-06
4.05218e-06
4.77651e-06
3.804e-06
2.89619e-06
3.34977e-06
3.1342e-06
3.79944e-06
4.28053e-06
4.04147e-06
4.20989e-06
3.60635e-06
3.54286e-06
4.33626e-06
4.12399e-06
5.08101e-06
4.23794e-06
5.20881e-06
3.74259e-06
4.29547e-06
4.29241e-06
4.45227e-06
4.02202e-06
5.42642e-06
6.05907e-06
6.7135e-06
4.34836e-06
5.00834e-06
4.98301e-06
6.26596e-06
5.18634e-06
5.38843e-06
4.39167e-06
5.41528e-06
3.69954e-06
5.31688e-06
4.70105e-06
4.64105e-06
3.69926e-06
3.2903e-06
3.17009e-06
3.3344e-06
3.03763e-06
3.40837e-06
2.86985e-06
3.60119e-06
2.79016e-06
3.30214e-06
2.8727e-06
3.21742e-06
1.81359e-06
2.14367e-06
2.47004e-06
3.35242e-06
2.83518e-06
2.67567e-06
2.57749e-06
1.70852e-06
1.58444e-06
2.25714e-06
2.31275e-06
2.28897e-06
1.88633e-06
1.51809e-06
1.88017e-06
2.04082e-06
1.90232e-06
1.58931e-06
1.4177e-06
2.13412e-06
2.04143e-06
1.67424e-06
1.52056e-06
1.75906e-06
1.78377e-06
1.41724e-06
1.15075e-06
1.29906e-06
1.12018e-06
1.01144e-06
9.71906e-07
6.1942e-07
5.31773e-07
7.32061e-07
6.08608e-07
6.763e-07
5.71406e-07
6.7307e-07
4.81676e-07
4.77562e-07
5.94519e-07
6.07555e-07
5.69401e-07
6.14729e-07
8.02898e-07
1.08964e-06
6.9486e-07
5.77076e-07
7.98012e-07
8.41438e-07
7.4622e-07
6.5182e-07
6.86524e-07
7.72459e-07
7.7097e-07
7.5533e-07
8.40563e-07
8.3136e-07
6.36668e-07
5.05022e-07
4.56344e-07
5.5473e-07
4.61838e-07
4.98761e-07
5.10507e-07
3.9494e-07
3.46802e-07
3.86578e-07
3.13446e-07
2.49299e-07
3.0185e-07
2.45613e-07
1.85942e-07
2.04658e-07
1.82179e-07
1.39306e-07
1.66847e-07
1.89004e-07
1.70551e-07
1.57196e-07
1.70926e-07
1.96776e-07
1.64449e-07
1.68135e-07
1.96769e-07
1.74742e-07
1.3983e-07
1.28664e-07
1.60017e-07
1.5958e-07
1.51015e-07
1.28808e-07
1.36805e-07
1.79024e-07
1.75107e-07
1.53163e-07
1.47002e-07
1.92845e-07
1.95651e-07
