||rk||2 / ||r0||2
0.544036
0.0678987
0.0463099
0.0389761
0.0128019
0.014123
0.00779059
0.00693481
0.00752983
0.00506274
0.0046873
0.00519943
0.00236349
0.00215768
0.00297127
0.001503
0.00174437
0.000893806
0.00120138
0.000866773
0.000673406
0.00115622
0.000528651
0.000979184
0.000885405
0.000435873
0.000798101
0.000475295
0.000788177
0.000504039
0.000624067
0.000580468
0.000309526
0.000358992
0.000471638
0.000226267
0.000472269
0.00013296
0.000145781
0.000305184
0.000202945
7.6324e-05
9.46382e-05
0.000305853
0.000295868
0.000149863
6.94683e-05
5.47652e-05
5.34957e-05
5.2796e-05
0.000124808
8.29221e-05
9.23164e-05
0.000132847
0.000204896
8.67965e-05
8.20786e-05
9.48535e-05
4.82885e-05
0.000117478
6.67504e-05
9.9303e-05
3.97435e-05
6.90591e-05
7.52716e-05
6.63201e-05
7.40126e-05
0.00011726
6.11034e-05
7.2581e-05
7.48496e-05
9.67003e-05
9.14134e-05
7.25171e-05
0.00015257
8.00378e-05
0.000120952
0.000148874
9.18325e-05
0.000169987
0.00013997
6.82477e-05
7.68972e-05
7.93954e-05
0.000114915
0.000130959
5.97688e-05
4.45209e-05
4.44877e-05
9.549e-05
0.000106957
8.48876e-05
7.26676e-05
8.96047e-05
0.000101705
0.000103939
2.89592e-05
6.87725e-05
4.88826e-05
5.88683e-05
4.91631e-05
4.24487e-05
9.51141e-05
8.78863e-05
6.39669e-05
7.23922e-05
8.11386e-05
6.99401e-05
4.70666e-05
8.17267e-05
2.99594e-05
7.95356e-05
5.48732e-05
4.87626e-05
6.0859e-05
8.06806e-05
7.0123e-05
7.91719e-05
8.14035e-05
3.86385e-05
0.000105522
5.8564e-05
0.000112069
0.000103035
5.10079e-05
0.000103857
5.34077e-05
4.10256e-05
9.55211e-05
0.000135556
4.26377e-05
4.07571e-05
4.29888e-05
7.22439e-05
6.08489e-05
2.85422e-05
4.55769e-05
4.15872e-05
2.54115e-05
4.67754e-05
3.64096e-05
3.99914e-05
2.99671e-05
2.08423e-05
4.94578e-05
2.89474e-05
2.28231e-05
1.92224e-05
1.83147e-05
2.66119e-05
1.36453e-05
1.81284e-05
8.43759e-06
3.08565e-05
7.73782e-06
2.69508e-05
2.0399e-05
6.74731e-06
1.51413e-05
9.74159e-06
7.41623e-06
8.92579e-06
1.48333e-05
5.28951e-06
1.22355e-05
1.07765e-05
8.02505e-06
1.26184e-05
1.10229e-05
5.50732e-06
1.02769e-05
8.04131e-06
4.63308e-06
7.60508e-06
1.63759e-05
7.29875e-06
3.49831e-06
6.07289e-06
7.56342e-06
6.96605e-06
7.95445e-06
6.08023e-06
8.95567e-06
5.85758e-06
1.76046e-05
9.06189e-06
9.93838e-06
8.4824e-06
8.60044e-06
6.63397e-06
1.18444e-05
1.27836e-05
6.49376e-06
1.28577e-05
2.17102e-05
6.39467e-06
1.82096e-05
1.10948e-05
1.25031e-05
1.42246e-05
1.03804e-05
1.17866e-05
1.8161e-05
1.61978e-05
1.37203e-05
1.10989e-05
1.02581e-05
9.8157e-06
1.02087e-05
1.67383e-05
8.20403e-06
1.73802e-05
1.637e-05
6.39965e-06
1.73084e-05
1.51629e-05
6.57696e-06
7.46264e-06
7.74508e-06
2.11868e-05
1.15468e-05
1.23568e-05
1.58898e-05
1.01648e-05
1.26524e-05
9.70873e-06
1.47056e-05
6.31526e-06
1.20287e-05
7.26037e-06
4.72943e-06
1.52699e-05
9.26097e-06
4.5138e-06
8.91307e-06
1.3923e-05
9.45093e-06
9.1779e-06
1.22378e-05
4.72576e-06
7.10902e-06
3.13181e-06
4.70655e-06
5.67342e-06
7.78278e-06
7.21176e-06
1.09428e-05
3.18572e-06
3.74959e-06
8.29506e-06
7.54948e-06
6.28413e-06
3.10669e-06
8.42189e-06
4.38635e-06
5.92765e-06
6.80606e-06
3.18887e-06
5.87275e-06
5.72335e-06
4.56583e-06
2.71404e-06
6.6934e-06
7.33836e-06
6.36077e-06
7.14451e-06
4.8137e-06
4.27122e-06
7.26556e-06
4.58537e-06
7.50783e-06
3.11181e-06
7.60082e-06
7.63639e-06
3.99612e-06
8.276e-06
6.88311e-06
9.96912e-06
3.99047e-06
4.34945e-06
7.4201e-06
3.96366e-06
9.99549e-06
3.53086e-06
5.84783e-06
5.33259e-06
2.95596e-06
8.73722e-06
5.59991e-06
6.24052e-06
4.04987e-06
8.26044e-06
7.10383e-06
6.67845e-06
7.67126e-06
5.46038e-06
4.98797e-06
4.15985e-06
2.99861e-06
7.92697e-06
3.32529e-06
6.89235e-06
6.46559e-06
4.70307e-06
4.30475e-06
6.58073e-06
7.08823e-06
7.17597e-06
3.95106e-06
3.51644e-06
8.97861e-06
1.01281e-05
6.71037e-06
5.29532e-06
6.03165e-06
2.76538e-06
7.93364e-06
3.98753e-06
5.5275e-06
3.70013e-06
9.00841e-06
1.62358e-05
7.70661e-06
1.59382e-05
9.24993e-06
1.38341e-05
1.88059e-05
6.10398e-06
1.7867e-05
1.03699e-05
6.4906e-06
1.18099e-05
9.79512e-06
7.89619e-06
7.60444e-06
8.74056e-06
1.04777e-05
1.26088e-05
1.13172e-05
4.64751e-06
6.34063e-06
3.61702e-06
2.79875e-06
4.5546e-06
6.17404e-06
3.49406e-06
5.38692e-06
3.64996e-06
3.22897e-06
1.88514e-06
4.13101e-06
4.47673e-06
1.20538e-06
3.15635e-06
3.08897e-06
2.2036e-06
2.07317e-06
1.06578e-06
1.99917e-06
2.6258e-06
2.922e-06
1.11528e-06
2.05411e-06
5.1828e-06
2.50516e-06
2.40552e-06
3.2906e-06
2.27261e-06
5.83903e-06
2.31783e-06
5.58895e-06
5.77216e-06
3.83789e-06
3.37898e-06
5.5487e-06
9.43411e-06
4.44434e-06
7.79315e-06
3.56493e-06
6.72442e-06
1.39377e-05
6.88726e-06
1.2907e-05
4.64576e-06
1.06809e-05
1.14792e-05
4.78163e-06
6.93165e-06
1.03034e-05
4.61203e-06
5.15744e-06
3.80228e-06
2.1542e-06
6.15292e-06
5.78493e-06
2.56521e-06
3.26813e-06
4.08079e-06
2.762e-06
3.31696e-06
2.00945e-06
3.13273e-06
1.34494e-06
1.3194e-06
1.13466e-06
1.01379e-06
2.28912e-06
7.68691e-07
1.94492e-06
2.20078e-06
5.08254e-07
1.00924e-06
1.24655e-06
1.13108e-06
6.89252e-07
1.01696e-06
1.33974e-06
1.10072e-06
2.60533e-06
1.72816e-06
2.27424e-06
1.65022e-06
1.46045e-06
2.18498e-06
4.82934e-06
3.60352e-06
2.69818e-06
4.24076e-06
4.22122e-06
3.1913e-06
2.15022e-06
5.45305e-06
4.42259e-06
3.52509e-06
4.82906e-06
4.68737e-06
3.14583e-06
4.41754e-06
1.07843e-05
3.13152e-06
3.80208e-06
1.28928e-05
6.49291e-06
7.1317e-06
6.20289e-06
8.19722e-06
8.84581e-06
2.91357e-06
5.28959e-06
7.79024e-06
9.52194e-06
2.32298e-06
2.70512e-06
5.77291e-06
2.69011e-06
3.81325e-06
1.65034e-06
1.71921e-06
2.94958e-06
1.39522e-06
1.55932e-06
1.90168e-06
1.48934e-06
9.27088e-07
1.16524e-06
8.27771e-07
6.62912e-07
9.48616e-07
9.40521e-07
8.86197e-07
1.38499e-06
1.07214e-06
1.02455e-06
9.1559e-07
7.42922e-07
1.02903e-06
1.17115e-06
8.45584e-07
1.06925e-06
1.64085e-06
1.32455e-06
3.45893e-06
2.33871e-06
1.377e-06
2.4862e-06
5.92578e-06
3.0922e-06
3.21765e-06
2.9167e-06
4.4499e-06
4.22414e-06
3.46144e-06
2.98085e-06
8.58907e-06
3.41857e-06
2.45239e-06
8.62888e-06
5.03981e-06
1.74555e-06
7.85293e-06
